13 0 1500134891115 1115 1
11 0 1500134891116 1116 2
4 3 1500134891117 1117 3
4 3 1500134891117 1117 4
7 3 1500134891117 1117 5
12 2 1500134891117 1117 6
5 1 1500134891117 1117 7
12 2 1500134891118 1118 8
12 1 1500134891118 1118 9
6 2 1500134891118 1118 10
12 0 1500134891118 1118 11
4 3 1500134891118 1118 12
9 0 1500134891118 1118 13
9 2 1500134891118 1118 14
4 3 1500134891119 1119 15
12 3 1500134891119 1119 16
6 1 1500134891119 1119 17
12 0 1500134891119 1119 18
6 1 1500134891119 1119 19
7 0 1500134891119 1119 20
6 1 1500134891120 1120 21
4 3 1500134891120 1120 22
7 2 1500134891120 1120 23
11 1 1500134891120 1120 24
13 2 1500134891120 1120 25
13 1 1500134891121 1121 26
7 3 1500134891121 1121 27
6 1 1500134891121 1121 28
4 0 1500134891121 1121 29
5 1 1500134891121 1121 30
9 0 1500134891121 1121 31
4 0 1500134891122 1122 32
13 0 1500134891122 1122 33
8 1 1500134891122 1122 34
12 0 1500134891122 1122 35
5 1 1500134891122 1122 36
8 2 1500134891122 1122 37
11 1 1500134891123 1123 38
12 0 1500134891123 1123 39
8 2 1500134891123 1123 40
8 3 1500134891123 1123 41
10 3 1500134891123 1123 42
4 3 1500134891123 1123 43
10 1 1500134891124 1124 44
13 1 1500134891124 1124 45
9 0 1500134891124 1124 46
11 0 1500134891124 1124 47
7 3 1500134891124 1124 48
5 3 1500134891124 1124 49
13 0 1500134891124 1124 50
11 1 1500134891124 1124 51
13 0 1500134891124 1124 52
12 0 1500134891124 1124 53
7 2 1500134891124 1124 54
6 2 1500134891125 1125 55
13 0 1500134891125 1125 56
13 0 1500134891125 1125 57
8 2 1500134891125 1125 58
4 3 1500134891125 1125 59
8 1 1500134891125 1125 60
4 0 1500134891125 1125 61
9 0 1500134891125 1125 62
6 3 1500134891126 1126 63
5 1 1500134891126 1126 64
13 1 1500134891126 1126 65
8 3 1500134891126 1126 66
12 1 1500134891126 1126 67
5 3 1500134891126 1126 68
13 3 1500134891126 1126 69
12 0 1500134891126 1126 70
13 0 1500134891127 1127 71
5 0 1500134891127 1127 72
13 2 1500134891127 1127 73
13 2 1500134891127 1127 74
12 3 1500134891127 1127 75
6 2 1500134891127 1127 76
6 0 1500134891127 1127 77
7 3 1500134891128 1128 78
5 2 1500134891128 1128 79
10 3 1500134891128 1128 80
9 0 1500134891128 1128 81
13 0 1500134891128 1128 82
6 0 1500134891128 1128 83
10 3 1500134891128 1128 84
11 0 1500134891128 1128 85
4 1 1500134891128 1128 86
11 3 1500134891128 1128 87
6 0 1500134891129 1129 88
12 1 1500134891129 1129 89
9 3 1500134891129 1129 90
12 1 1500134891129 1129 91
9 1 1500134891129 1129 92
5 0 1500134891129 1129 93
7 0 1500134891129 1129 94
6 3 1500134891129 1129 95
7 2 1500134891129 1129 96
11 1 1500134891130 1130 97
5 1 1500134891130 1130 98
8 3 1500134891130 1130 99
5 0 1500134891130 1130 100
8 0 1500134891130 1130 101
11 0 1500134891130 1130 102
7 0 1500134891130 1130 103
13 0 1500134891131 1131 104
6 0 1500134891131 1131 105
11 1 1500134891131 1131 106
8 1 1500134891131 1131 107
5 1 1500134891131 1131 108
7 1 1500134891131 1131 109
11 0 1500134891131 1131 110
11 3 1500134891131 1131 111
6 1 1500134891131 1131 112
10 1 1500134891131 1131 113
6 0 1500134891132 1132 114
11 0 1500134891132 1132 115
11 1 1500134891132 1132 116
12 2 1500134891132 1132 117
4 3 1500134891132 1132 118
7 3 1500134891132 1132 119
11 2 1500134891132 1132 120
13 1 1500134891132 1132 121
13 2 1500134891132 1132 122
7 3 1500134891133 1133 123
6 0 1500134891133 1133 124
7 2 1500134891133 1133 125
13 3 1500134891133 1133 126
12 3 1500134891133 1133 127
11 0 1500134891133 1133 128
8 0 1500134891133 1133 129
7 3 1500134891134 1134 130
6 0 1500134891134 1134 131
9 3 1500134891134 1134 132
12 3 1500134891134 1134 133
6 3 1500134891134 1134 134
7 0 1500134891134 1134 135
5 3 1500134891134 1134 136
13 2 1500134891135 1135 137
4 1 1500134891135 1135 138
13 0 1500134891136 1136 139
7 2 1500134891136 1136 140
8 3 1500134891136 1136 141
6 3 1500134891137 1137 142
11 3 1500134891138 1138 143
11 0 1500134891138 1138 144
9 3 1500134891138 1138 145
12 2 1500134891138 1138 146
4 3 1500134891138 1138 147
6 3 1500134891138 1138 148
13 1 1500134891139 1139 149
7 2 1500134891139 1139 150
9 1 1500134891139 1139 151
8 0 1500134891139 1139 152
13 1 1500134891139 1139 153
7 2 1500134891139 1139 154
7 2 1500134891139 1139 155
10 3 1500134891140 1140 156
8 2 1500134891140 1140 157
6 0 1500134891140 1140 158
8 2 1500134891140 1140 159
4 0 1500134891140 1140 160
11 1 1500134891140 1140 161
4 3 1500134891140 1140 162
11 0 1500134891141 1141 163
13 0 1500134891141 1141 164
9 0 1500134891141 1141 165
4 0 1500134891141 1141 166
12 3 1500134891141 1141 167
13 0 1500134891141 1141 168
10 0 1500134891141 1141 169
4 2 1500134891142 1142 170
4 2 1500134891142 1142 171
6 2 1500134891142 1142 172
7 2 1500134891142 1142 173
4 3 1500134891142 1142 174
10 0 1500134891142 1142 175
9 2 1500134891142 1142 176
8 2 1500134891143 1143 177
12 2 1500134891143 1143 178
6 1 1500134891143 1143 179
9 1 1500134891143 1143 180
10 3 1500134891144 1144 181
7 1 1500134891144 1144 182
10 1 1500134891145 1145 183
5 2 1500134891145 1145 184
5 1 1500134891145 1145 185
6 3 1500134891145 1145 186
8 0 1500134891145 1145 187
7 2 1500134891146 1146 188
11 3 1500134891146 1146 189
6 2 1500134891147 1147 190
12 1 1500134891148 1148 191
6 2 1500134891148 1148 192
6 0 1500134891148 1148 193
8 3 1500134891149 1149 194
4 1 1500134891149 1149 195
5 3 1500134891149 1149 196
11 2 1500134891150 1150 197
12 2 1500134891150 1150 198
4 0 1500134891151 1151 199
11 0 1500134891151 1151 200
12 1 1500134891152 1152 201
6 1 1500134891152 1152 202
10 3 1500134891152 1152 203
8 1 1500134891155 1155 204
11 0 1500134891157 1157 205
11 2 1500134891157 1157 206
6 1 1500134891157 1157 207
5 2 1500134891158 1158 208
11 3 1500134891158 1158 209
12 2 1500134891159 1159 210
9 3 1500134891159 1159 211
10 1 1500134891160 1160 212
5 1 1500134891160 1160 213
12 0 1500134891161 1161 214
6 3 1500134891161 1161 215
12 0 1500134891161 1161 216
6 3 1500134891162 1162 217
10 2 1500134891162 1162 218
10 2 1500134891163 1163 219
9 0 1500134891163 1163 220
4 0 1500134891163 1163 221
9 3 1500134891164 1164 222
12 2 1500134891164 1164 223
13 2 1500134891165 1165 224
11 3 1500134891165 1165 225
4 2 1500134891165 1165 226
9 3 1500134891165 1165 227
7 2 1500134891165 1165 228
4 2 1500134891165 1165 229
7 1 1500134891166 1166 230
7 1 1500134891166 1166 231
8 2 1500134891166 1166 232
8 3 1500134891166 1166 233
10 3 1500134891166 1166 234
13 1 1500134891166 1166 235
9 3 1500134891167 1167 236
12 3 1500134891167 1167 237
9 0 1500134891167 1167 238
4 2 1500134891167 1167 239
6 2 1500134891167 1167 240
6 2 1500134891167 1167 241
8 1 1500134891168 1168 242
9 2 1500134891168 1168 243
10 1 1500134891168 1168 244
6 3 1500134891168 1168 245
4 2 1500134891168 1168 246
12 1 1500134891168 1168 247
4 0 1500134891168 1168 248
13 1 1500134891169 1169 249
12 1 1500134891169 1169 250
12 3 1500134891169 1169 251
9 3 1500134891169 1169 252
9 0 1500134891169 1169 253
4 0 1500134891169 1169 254
10 3 1500134891170 1170 255
8 1 1500134891170 1170 256
4 2 1500134891170 1170 257
6 0 1500134891170 1170 258
12 3 1500134891171 1171 259
10 1 1500134891171 1171 260
5 0 1500134891171 1171 261
9 3 1500134891171 1171 262
5 1 1500134891171 1171 263
8 3 1500134891171 1171 264
6 3 1500134891172 1172 265
8 0 1500134891172 1172 266
7 2 1500134891172 1172 267
4 0 1500134891172 1172 268
6 2 1500134891172 1172 269
12 0 1500134891173 1173 270
12 1 1500134891173 1173 271
8 0 1500134891173 1173 272
9 2 1500134891173 1173 273
12 2 1500134891174 1174 274
9 2 1500134891174 1174 275
9 1 1500134891174 1174 276
12 2 1500134891174 1174 277
10 2 1500134891174 1174 278
7 1 1500134891175 1175 279
13 3 1500134891175 1175 280
4 1 1500134891175 1175 281
11 2 1500134891175 1175 282
4 0 1500134891176 1176 283
7 2 1500134891176 1176 284
6 0 1500134891176 1176 285
13 3 1500134891176 1176 286
7 0 1500134891177 1177 287
9 0 1500134891177 1177 288
4 1 1500134891177 1177 289
8 1 1500134891177 1177 290
12 3 1500134891177 1177 291
10 3 1500134891177 1177 292
8 3 1500134891177 1177 293
5 1 1500134891178 1178 294
8 3 1500134891178 1178 295
11 0 1500134891178 1178 296
6 2 1500134891178 1178 297
12 0 1500134891178 1178 298
4 3 1500134891178 1178 299
5 3 1500134891179 1179 300
11 0 1500134891179 1179 301
9 1 1500134891179 1179 302
12 3 1500134891179 1179 303
4 1 1500134891183 1183 304
7 3 1500134891183 1183 305
12 0 1500134891183 1183 306
13 3 1500134891184 1184 307
11 0 1500134891184 1184 308
5 1 1500134891184 1184 309
8 3 1500134891185 1185 310
11 3 1500134891186 1186 311
13 1 1500134891186 1186 312
5 0 1500134891187 1187 313
5 0 1500134891187 1187 314
12 1 1500134891188 1188 315
13 3 1500134891188 1188 316
11 3 1500134891188 1188 317
6 3 1500134891189 1189 318
9 2 1500134891189 1189 319
12 2 1500134891189 1189 320
12 0 1500134891190 1190 321
13 2 1500134891190 1190 322
5 3 1500134891191 1191 323
11 1 1500134891191 1191 324
11 1 1500134891191 1191 325
9 0 1500134891192 1192 326
8 2 1500134891192 1192 327
7 0 1500134891193 1193 328
12 0 1500134891193 1193 329
5 2 1500134891193 1193 330
6 0 1500134891194 1194 331
6 2 1500134891198 1198 332
10 2 1500134891198 1198 333
8 1 1500134891198 1198 334
10 1 1500134891198 1198 335
11 0 1500134891198 1198 336
4 1 1500134891199 1199 337
13 0 1500134891199 1199 338
7 0 1500134891199 1199 339
4 2 1500134891199 1199 340
9 3 1500134891199 1199 341
8 1 1500134891199 1199 342
11 1 1500134891200 1200 343
6 1 1500134891200 1200 344
11 0 1500134891200 1200 345
5 1 1500134891200 1200 346
7 0 1500134891200 1200 347
11 3 1500134891200 1200 348
9 3 1500134891200 1200 349
9 1 1500134891201 1201 350
5 2 1500134891201 1201 351
7 1 1500134891201 1201 352
8 3 1500134891201 1201 353
5 0 1500134891201 1201 354
13 2 1500134891201 1201 355
10 3 1500134891201 1201 356
4 2 1500134891202 1202 357
9 2 1500134891202 1202 358
8 3 1500134891202 1202 359
8 1 1500134891203 1203 360
9 1 1500134891203 1203 361
5 2 1500134891203 1203 362
6 2 1500134891204 1204 363
12 3 1500134891204 1204 364
9 0 1500134891205 1205 365
12 1 1500134891205 1205 366
12 2 1500134891205 1205 367
13 2 1500134891205 1205 368
12 0 1500134891206 1206 369
11 0 1500134891206 1206 370
11 1 1500134891206 1206 371
12 0 1500134891206 1206 372
7 2 1500134891206 1206 373
11 3 1500134891206 1206 374
4 0 1500134891206 1206 375
8 1 1500134891207 1207 376
12 1 1500134891207 1207 377
12 0 1500134891207 1207 378
9 0 1500134891207 1207 379
10 0 1500134891207 1207 380
10 2 1500134891207 1207 381
8 2 1500134891207 1207 382
5 3 1500134891208 1208 383
7 2 1500134891208 1208 384
6 0 1500134891208 1208 385
6 3 1500134891208 1208 386
6 1 1500134891208 1208 387
6 3 1500134891208 1208 388
11 1 1500134891208 1208 389
8 3 1500134891209 1209 390
5 0 1500134891210 1210 391
9 0 1500134891210 1210 392
8 3 1500134891211 1211 393
8 3 1500134891211 1211 394
10 0 1500134891211 1211 395
5 1 1500134891211 1211 396
8 3 1500134891211 1211 397
11 0 1500134891211 1211 398
11 1 1500134891211 1211 399
11 1 1500134891212 1212 400
9 2 1500134891212 1212 401
12 1 1500134891212 1212 402
13 2 1500134891212 1212 403
6 3 1500134891212 1212 404
5 1 1500134891212 1212 405
9 1 1500134891212 1212 406
9 2 1500134891213 1213 407
12 1 1500134891213 1213 408
12 2 1500134891213 1213 409
13 2 1500134891213 1213 410
4 2 1500134891213 1213 411
6 1 1500134891213 1213 412
7 3 1500134891214 1214 413
8 3 1500134891214 1214 414
4 2 1500134891214 1214 415
6 3 1500134891214 1214 416
7 0 1500134891214 1214 417
7 0 1500134891214 1214 418
4 0 1500134891214 1214 419
10 0 1500134891215 1215 420
13 1 1500134891215 1215 421
12 0 1500134891215 1215 422
8 2 1500134891215 1215 423
10 2 1500134891215 1215 424
5 3 1500134891215 1215 425
10 2 1500134891215 1215 426
8 0 1500134891216 1216 427
11 3 1500134891216 1216 428
4 3 1500134891216 1216 429
13 1 1500134891216 1216 430
9 0 1500134891216 1216 431
4 0 1500134891216 1216 432
4 1 1500134891216 1216 433
11 3 1500134891217 1217 434
12 2 1500134891217 1217 435
4 2 1500134891217 1217 436
6 2 1500134891217 1217 437
6 2 1500134891217 1217 438
11 1 1500134891217 1217 439
12 1 1500134891218 1218 440
11 3 1500134891218 1218 441
5 3 1500134891218 1218 442
4 0 1500134891218 1218 443
9 2 1500134891218 1218 444
10 2 1500134891218 1218 445
9 2 1500134891218 1218 446
5 1 1500134891219 1219 447
6 0 1500134891219 1219 448
5 0 1500134891219 1219 449
7 3 1500134891219 1219 450
6 0 1500134891219 1219 451
5 0 1500134891220 1220 452
10 1 1500134891220 1220 453
13 0 1500134891220 1220 454
13 2 1500134891220 1220 455
11 0 1500134891220 1220 456
6 3 1500134891221 1221 457
9 0 1500134891221 1221 458
13 3 1500134891221 1221 459
12 0 1500134891222 1222 460
11 3 1500134891223 1223 461
8 2 1500134891223 1223 462
12 2 1500134891223 1223 463
11 0 1500134891223 1223 464
11 0 1500134891223 1223 465
11 3 1500134891223 1223 466
10 0 1500134891223 1223 467
9 2 1500134891224 1224 468
7 1 1500134891224 1224 469
10 0 1500134891225 1225 470
12 2 1500134891225 1225 471
9 3 1500134891225 1225 472
5 2 1500134891226 1226 473
8 2 1500134891226 1226 474
13 2 1500134891228 1228 475
12 0 1500134891228 1228 476
6 1 1500134891231 1231 477
11 2 1500134891231 1231 478
7 0 1500134891232 1232 479
4 2 1500134891232 1232 480
12 2 1500134891233 1233 481
10 2 1500134891233 1233 482
5 0 1500134891234 1234 483
6 0 1500134891234 1234 484
7 0 1500134891236 1236 485
12 2 1500134891236 1236 486
9 1 1500134891238 1238 487
11 1 1500134891238 1238 488
10 0 1500134891238 1238 489
10 0 1500134891238 1238 490
12 3 1500134891239 1239 491
6 3 1500134891239 1239 492
11 0 1500134891239 1239 493
10 0 1500134891239 1239 494
8 1 1500134891240 1240 495
5 1 1500134891240 1240 496
6 2 1500134891241 1241 497
12 1 1500134891241 1241 498
9 2 1500134891241 1241 499
7 1 1500134891241 1241 500
7 1 1500134891241 1241 501
7 2 1500134891241 1241 502
9 1 1500134891241 1241 503
7 3 1500134891242 1242 504
9 2 1500134891242 1242 505
5 3 1500134891242 1242 506
12 3 1500134891242 1242 507
12 1 1500134891242 1242 508
10 2 1500134891242 1242 509
13 3 1500134891243 1243 510
7 0 1500134891243 1243 511
8 1 1500134891243 1243 512
8 0 1500134891243 1243 513
4 1 1500134891243 1243 514
10 1 1500134891243 1243 515
11 2 1500134891243 1243 516
12 3 1500134891244 1244 517
6 0 1500134891244 1244 518
8 3 1500134891244 1244 519
8 1 1500134891244 1244 520
7 1 1500134891244 1244 521
13 2 1500134891244 1244 522
9 3 1500134891244 1244 523
6 3 1500134891245 1245 524
8 0 1500134891245 1245 525
8 2 1500134891245 1245 526
6 3 1500134891245 1245 527
6 1 1500134891245 1245 528
10 0 1500134891245 1245 529
12 0 1500134891245 1245 530
10 0 1500134891245 1245 531
5 0 1500134891246 1246 532
12 2 1500134891246 1246 533
6 1 1500134891246 1246 534
5 2 1500134891246 1246 535
6 1 1500134891246 1246 536
9 2 1500134891246 1246 537
9 3 1500134891246 1246 538
13 1 1500134891247 1247 539
7 2 1500134891247 1247 540
5 0 1500134891247 1247 541
7 2 1500134891247 1247 542
13 3 1500134891247 1247 543
10 0 1500134891248 1248 544
13 0 1500134891248 1248 545
13 0 1500134891249 1249 546
5 0 1500134891249 1249 547
11 1 1500134891249 1249 548
7 2 1500134891249 1249 549
7 0 1500134891249 1249 550
13 2 1500134891250 1250 551
8 3 1500134891250 1250 552
7 1 1500134891250 1250 553
13 3 1500134891250 1250 554
8 1 1500134891250 1250 555
4 3 1500134891250 1250 556
8 3 1500134891250 1250 557
10 3 1500134891250 1250 558
4 2 1500134891250 1250 559
8 0 1500134891251 1251 560
11 3 1500134891251 1251 561
7 0 1500134891251 1251 562
9 2 1500134891251 1251 563
8 1 1500134891251 1251 564
12 0 1500134891251 1251 565
11 0 1500134891251 1251 566
12 3 1500134891252 1252 567
12 3 1500134891252 1252 568
13 2 1500134891252 1252 569
6 1 1500134891252 1252 570
4 0 1500134891252 1252 571
13 0 1500134891252 1252 572
12 2 1500134891253 1253 573
11 2 1500134891253 1253 574
11 3 1500134891253 1253 575
4 2 1500134891253 1253 576
10 2 1500134891253 1253 577
12 2 1500134891253 1253 578
5 0 1500134891253 1253 579
7 3 1500134891253 1253 580
4 0 1500134891254 1254 581
5 3 1500134891254 1254 582
10 1 1500134891255 1255 583
7 1 1500134891255 1255 584
10 2 1500134891255 1255 585
10 1 1500134891255 1255 586
5 2 1500134891255 1255 587
10 0 1500134891255 1255 588
10 0 1500134891256 1256 589
8 1 1500134891256 1256 590
6 0 1500134891256 1256 591
11 3 1500134891256 1256 592
5 2 1500134891256 1256 593
4 1 1500134891256 1256 594
12 2 1500134891256 1256 595
13 2 1500134891257 1257 596
11 2 1500134891257 1257 597
10 2 1500134891257 1257 598
11 0 1500134891257 1257 599
7 2 1500134891257 1257 600
8 0 1500134891257 1257 601
9 3 1500134891257 1257 602
12 1 1500134891258 1258 603
6 1 1500134891258 1258 604
7 0 1500134891259 1259 605
13 2 1500134891259 1259 606
5 2 1500134891259 1259 607
4 1 1500134891260 1260 608
7 3 1500134891260 1260 609
8 1 1500134891260 1260 610
6 1 1500134891260 1260 611
4 1 1500134891260 1260 612
13 2 1500134891261 1261 613
12 3 1500134891261 1261 614
12 2 1500134891261 1261 615
13 2 1500134891261 1261 616
11 1 1500134891261 1261 617
8 3 1500134891261 1261 618
11 2 1500134891261 1261 619
13 2 1500134891262 1262 620
12 1 1500134891262 1262 621
10 3 1500134891262 1262 622
9 3 1500134891262 1262 623
12 1 1500134891263 1263 624
10 2 1500134891263 1263 625
6 0 1500134891263 1263 626
13 3 1500134891263 1263 627
8 1 1500134891263 1263 628
5 0 1500134891263 1263 629
7 1 1500134891263 1263 630
9 2 1500134891263 1263 631
12 0 1500134891264 1264 632
6 3 1500134891264 1264 633
7 0 1500134891264 1264 634
5 2 1500134891264 1264 635
9 0 1500134891264 1264 636
12 3 1500134891264 1264 637
4 2 1500134891264 1264 638
6 1 1500134891264 1264 639
11 2 1500134891264 1264 640
12 0 1500134891265 1265 641
13 1 1500134891265 1265 642
4 0 1500134891265 1265 643
6 0 1500134891265 1265 644
11 0 1500134891265 1265 645
9 1 1500134891265 1265 646
12 1 1500134891265 1265 647
9 2 1500134891265 1265 648
8 0 1500134891265 1265 649
11 0 1500134891266 1266 650
11 3 1500134891266 1266 651
13 2 1500134891266 1266 652
10 3 1500134891266 1266 653
5 3 1500134891266 1266 654
13 2 1500134891266 1266 655
12 0 1500134891266 1266 656
8 0 1500134891266 1266 657
5 3 1500134891266 1266 658
12 3 1500134891267 1267 659
9 3 1500134891267 1267 660
7 1 1500134891267 1267 661
7 1 1500134891267 1267 662
13 0 1500134891267 1267 663
9 3 1500134891267 1267 664
11 0 1500134891267 1267 665
7 0 1500134891267 1267 666
9 0 1500134891267 1267 667
9 0 1500134891268 1268 668
13 0 1500134891268 1268 669
4 3 1500134891268 1268 670
7 0 1500134891268 1268 671
11 0 1500134891268 1268 672
4 2 1500134891268 1268 673
9 3 1500134891268 1268 674
12 2 1500134891269 1269 675
10 2 1500134891269 1269 676
10 1 1500134891269 1269 677
13 0 1500134891269 1269 678
13 3 1500134891269 1269 679
9 0 1500134891270 1270 680
7 3 1500134891270 1270 681
11 0 1500134891270 1270 682
9 0 1500134891270 1270 683
4 2 1500134891271 1271 684
9 0 1500134891271 1271 685
5 1 1500134891271 1271 686
8 0 1500134891272 1272 687
9 3 1500134891273 1273 688
8 1 1500134891273 1273 689
11 1 1500134891273 1273 690
4 3 1500134891273 1273 691
6 3 1500134891273 1273 692
7 3 1500134891273 1273 693
8 3 1500134891274 1274 694
4 2 1500134891274 1274 695
10 1 1500134891274 1274 696
5 0 1500134891274 1274 697
4 1 1500134891274 1274 698
4 3 1500134891274 1274 699
4 3 1500134891274 1274 700
7 1 1500134891274 1274 701
7 0 1500134891274 1274 702
6 3 1500134891275 1275 703
12 2 1500134891275 1275 704
11 1 1500134891275 1275 705
5 1 1500134891275 1275 706
6 3 1500134891275 1275 707
8 1 1500134891275 1275 708
8 3 1500134891275 1275 709
10 0 1500134891275 1275 710
13 3 1500134891276 1276 711
5 2 1500134891276 1276 712
5 3 1500134891276 1276 713
13 0 1500134891276 1276 714
9 0 1500134891276 1276 715
8 2 1500134891276 1276 716
10 3 1500134891276 1276 717
4 0 1500134891277 1277 718
6 0 1500134891277 1277 719
9 3 1500134891277 1277 720
8 1 1500134891277 1277 721
13 0 1500134891278 1278 722
13 3 1500134891278 1278 723
11 2 1500134891278 1278 724
7 1 1500134891278 1278 725
12 2 1500134891278 1278 726
6 0 1500134891278 1278 727
7 1 1500134891278 1278 728
6 1 1500134891279 1279 729
12 0 1500134891279 1279 730
4 3 1500134891280 1280 731
8 3 1500134891280 1280 732
7 3 1500134891280 1280 733
7 2 1500134891280 1280 734
7 1 1500134891281 1281 735
8 1 1500134891281 1281 736
11 2 1500134891281 1281 737
13 1 1500134891281 1281 738
10 3 1500134891281 1281 739
9 3 1500134891282 1282 740
5 2 1500134891282 1282 741
6 2 1500134891282 1282 742
10 2 1500134891283 1283 743
5 2 1500134891284 1284 744
8 2 1500134891285 1285 745
13 3 1500134891285 1285 746
12 1 1500134891286 1286 747
13 1 1500134891286 1286 748
11 2 1500134891286 1286 749
5 1 1500134891286 1286 750
9 2 1500134891286 1286 751
5 2 1500134891287 1287 752
8 0 1500134891287 1287 753
13 2 1500134891287 1287 754
9 3 1500134891287 1287 755
8 2 1500134891287 1287 756
4 3 1500134891288 1288 757
8 2 1500134891288 1288 758
4 0 1500134891289 1289 759
8 1 1500134891289 1289 760
7 1 1500134891289 1289 761
8 1 1500134891290 1290 762
10 1 1500134891290 1290 763
12 0 1500134891290 1290 764
9 0 1500134891290 1290 765
10 3 1500134891290 1290 766
11 1 1500134891290 1290 767
5 1 1500134891291 1291 768
6 0 1500134891291 1291 769
7 3 1500134891291 1291 770
7 2 1500134891291 1291 771
9 3 1500134891292 1292 772
7 2 1500134891292 1292 773
10 2 1500134891293 1293 774
8 1 1500134891293 1293 775
8 2 1500134891293 1293 776
4 1 1500134891294 1294 777
7 2 1500134891294 1294 778
10 3 1500134891295 1295 779
6 2 1500134891295 1295 780
10 0 1500134891296 1296 781
8 3 1500134891296 1296 782
4 2 1500134891296 1296 783
5 3 1500134891297 1297 784
9 3 1500134891297 1297 785
11 3 1500134891297 1297 786
10 1 1500134891297 1297 787
10 2 1500134891297 1297 788
4 1 1500134891298 1298 789
6 2 1500134891298 1298 790
7 0 1500134891298 1298 791
6 3 1500134891298 1298 792
4 2 1500134891298 1298 793
12 0 1500134891298 1298 794
10 1 1500134891298 1298 795
6 3 1500134891298 1298 796
5 1 1500134891299 1299 797
5 3 1500134891299 1299 798
6 1 1500134891299 1299 799
12 0 1500134891299 1299 800
5 0 1500134891299 1299 801
5 2 1500134891299 1299 802
9 3 1500134891299 1299 803
6 1 1500134891299 1299 804
9 3 1500134891299 1299 805
6 2 1500134891299 1299 806
7 2 1500134891300 1300 807
10 3 1500134891300 1300 808
5 2 1500134891300 1300 809
7 0 1500134891300 1300 810
9 2 1500134891300 1300 811
7 2 1500134891300 1300 812
7 0 1500134891300 1300 813
9 1 1500134891300 1300 814
5 1 1500134891300 1300 815
7 1 1500134891301 1301 816
11 3 1500134891301 1301 817
12 2 1500134891301 1301 818
11 1 1500134891301 1301 819
7 3 1500134891301 1301 820
5 1 1500134891301 1301 821
4 0 1500134891302 1302 822
11 1 1500134891302 1302 823
12 0 1500134891302 1302 824
7 2 1500134891302 1302 825
13 1 1500134891302 1302 826
6 0 1500134891303 1303 827
12 3 1500134891303 1303 828
4 3 1500134891303 1303 829
10 3 1500134891303 1303 830
10 2 1500134891303 1303 831
6 0 1500134891303 1303 832
8 3 1500134891303 1303 833
7 1 1500134891304 1304 834
10 3 1500134891304 1304 835
12 0 1500134891304 1304 836
8 3 1500134891305 1305 837
8 1 1500134891305 1305 838
13 3 1500134891305 1305 839
11 1 1500134891306 1306 840
7 0 1500134891306 1306 841
8 2 1500134891306 1306 842
11 1 1500134891306 1306 843
10 2 1500134891306 1306 844
7 1 1500134891306 1306 845
6 0 1500134891306 1306 846
4 0 1500134891307 1307 847
5 2 1500134891307 1307 848
12 3 1500134891307 1307 849
6 2 1500134891307 1307 850
8 1 1500134891307 1307 851
5 1 1500134891307 1307 852
11 3 1500134891307 1307 853
10 3 1500134891308 1308 854
11 1 1500134891308 1308 855
7 3 1500134891308 1308 856
11 1 1500134891308 1308 857
9 2 1500134891309 1309 858
13 1 1500134891309 1309 859
12 3 1500134891309 1309 860
6 2 1500134891309 1309 861
7 0 1500134891309 1309 862
13 2 1500134891309 1309 863
5 0 1500134891309 1309 864
9 2 1500134891310 1310 865
4 2 1500134891310 1310 866
6 3 1500134891310 1310 867
5 3 1500134891310 1310 868
11 1 1500134891310 1310 869
6 3 1500134891310 1310 870
9 3 1500134891310 1310 871
8 1 1500134891310 1310 872
6 0 1500134891310 1310 873
8 0 1500134891311 1311 874
11 2 1500134891311 1311 875
10 0 1500134891311 1311 876
7 0 1500134891311 1311 877
11 3 1500134891311 1311 878
6 0 1500134891311 1311 879
5 3 1500134891311 1311 880
12 1 1500134891311 1311 881
7 1 1500134891311 1311 882
5 2 1500134891311 1311 883
5 1 1500134891312 1312 884
8 2 1500134891312 1312 885
12 0 1500134891312 1312 886
6 1 1500134891313 1313 887
9 1 1500134891313 1313 888
10 0 1500134891313 1313 889
6 0 1500134891313 1313 890
5 0 1500134891313 1313 891
13 3 1500134891313 1313 892
11 1 1500134891313 1313 893
5 3 1500134891314 1314 894
7 3 1500134891314 1314 895
4 1 1500134891314 1314 896
5 3 1500134891314 1314 897
4 1 1500134891314 1314 898
5 3 1500134891314 1314 899
4 3 1500134891314 1314 900
4 3 1500134891314 1314 901
6 3 1500134891315 1315 902
6 0 1500134891315 1315 903
9 1 1500134891315 1315 904
13 3 1500134891316 1316 905
13 3 1500134891316 1316 906
7 0 1500134891316 1316 907
13 3 1500134891316 1316 908
9 3 1500134891316 1316 909
10 1 1500134891316 1316 910
4 1 1500134891317 1317 911
10 3 1500134891317 1317 912
13 3 1500134891317 1317 913
9 3 1500134891318 1318 914
11 1 1500134891318 1318 915
11 1 1500134891318 1318 916
11 0 1500134891318 1318 917
13 3 1500134891318 1318 918
13 2 1500134891318 1318 919
7 1 1500134891318 1318 920
12 1 1500134891318 1318 921
12 2 1500134891319 1319 922
8 3 1500134891319 1319 923
7 1 1500134891319 1319 924
9 3 1500134891319 1319 925
6 1 1500134891319 1319 926
7 0 1500134891319 1319 927
8 2 1500134891319 1319 928
11 1 1500134891319 1319 929
7 1 1500134891319 1319 930
11 0 1500134891320 1320 931
9 1 1500134891320 1320 932
4 3 1500134891320 1320 933
13 1 1500134891320 1320 934
5 2 1500134891320 1320 935
6 2 1500134891320 1320 936
6 3 1500134891320 1320 937
5 1 1500134891320 1320 938
13 1 1500134891320 1320 939
7 0 1500134891322 1322 940
7 3 1500134891322 1322 941
8 2 1500134891322 1322 942
11 3 1500134891322 1322 943
6 3 1500134891322 1322 944
7 3 1500134891322 1322 945
6 0 1500134891322 1322 946
8 3 1500134891323 1323 947
11 1 1500134891323 1323 948
4 3 1500134891323 1323 949
7 1 1500134891323 1323 950
11 1 1500134891323 1323 951
13 0 1500134891323 1323 952
7 1 1500134891324 1324 953
7 0 1500134891324 1324 954
8 3 1500134891324 1324 955
10 3 1500134891324 1324 956
12 1 1500134891324 1324 957
6 2 1500134891325 1325 958
9 2 1500134891325 1325 959
11 0 1500134891325 1325 960
9 1 1500134891325 1325 961
6 3 1500134891325 1325 962
13 2 1500134891325 1325 963
10 2 1500134891325 1325 964
9 2 1500134891325 1325 965
8 1 1500134891326 1326 966
8 2 1500134891326 1326 967
13 0 1500134891326 1326 968
11 3 1500134891326 1326 969
12 1 1500134891326 1326 970
8 0 1500134891327 1327 971
4 2 1500134891327 1327 972
12 0 1500134891327 1327 973
9 2 1500134891327 1327 974
12 0 1500134891327 1327 975
9 0 1500134891327 1327 976
11 3 1500134891327 1327 977
13 2 1500134891328 1328 978
6 0 1500134891328 1328 979
9 0 1500134891328 1328 980
11 1 1500134891328 1328 981
6 3 1500134891328 1328 982
5 3 1500134891328 1328 983
9 0 1500134891329 1329 984
11 2 1500134891329 1329 985
6 3 1500134891329 1329 986
10 0 1500134891329 1329 987
5 1 1500134891329 1329 988
11 2 1500134891330 1330 989
5 2 1500134891330 1330 990
13 0 1500134891330 1330 991
9 0 1500134891330 1330 992
10 0 1500134891330 1330 993
9 0 1500134891330 1330 994
9 2 1500134891330 1330 995
6 3 1500134891331 1331 996
8 2 1500134891331 1331 997
8 1 1500134891331 1331 998
12 0 1500134891331 1331 999
12 0 1500134891331 1331 1000
